6.767726305229269
8.068447265624958
5.891211884769605
6.962909455587251
7.69803156000002
7.920920840672045
9.758678756865425
10.613531389649005
7.504134412804469
8.012016049382726
8.464564548539542
8.350730287551027
8.048987452448664
8.450860654595479
8.497633022140507
9.426845954984822
8.623198777181184
8.734532118055503
8.813833550290123
7.988130149720475
7.228546588161521
7.586395261179742
6.986245234567972
7.650622214118995
8.026219753086362
8.45586543518812
8.345582759615525
7.64701056790118
7.999078476517159
7.755962246082326
8.18481671712808
8.789673021865516
8.901897828657884
10.106681501865387
7.920817783882515
8.07559122748698
8.13540000000001
7.678683114357683
8.163261023842324
6.183458162211166
6.850552169846837
9.276061000000055
9.109283636976096
9.315722589492797
9.812167372885844
9.48360313556817
9.263381137777928
8.897212991344588
8.067084889881114
8.225973897497342
7.677352782668469
7.752856109274008
8.475188866085984
9.155128384330212
8.019365333327633
8.283197385652336
7.6741381726769005
7.898550410873163
7.858847892903475
8.335173689995122
7.624340309111185
7.811796381728119
8.231819191585878
9.645254319240486
9.19302633616341
7.8724825441323
7.834397012583073
8.05755260705948
7.289450406627199
7.543743635093333
8.205967490633961
8.19479030597939
9.172072732561912
9.215283819209274
8.770830632186906
8.647125623658201
8.191870526567532
8.53451509088582
9.322112814187932
8.072608417235303
8.356969358303735
9.011235468387603
10.117666923653237
9.297335478229373
10.189214490816209
7.885921078324317
7.6608083179616004
7.887183552945734
6.938961476104034
7.280545460254786
7.212701458863722
7.636494590373941
8.60010572080253
7.54547183272403
7.585308118331696
7.762145234708652
8.395113523268472
9.182820326400021
7.987220064556481
8.194105628213707
6.767406065655744
7.384478005724174
7.677964806330568
8.362420954367932
7.887454334388738
8.548259827063994
7.934184072066294
8.178885722257617
8.592360652477751
8.908120390853634
9.300316930245241
7.344800089819276
7.690765148651967
7.794279981857403
9.784931972789197
9.247875582207342
9.048062777914
9.672030871689074
8.107335399345056
8.904569536844779
7.999197581863362
8.329256096291534
9.727504450541163
9.691244459384178
11.274643353384151
10.760479593748302
9.55049429920985
9.12868947588291
9.169072608947754
12.60899979591376
9.499555687553396
9.468339644451662
9.067529675135336
9.5825182488696
11.450936128498087
8.811906252503395
8.832947553256938
10.444994106347126
10.97662420838897
7.563381377138677
7.825164117685993
7.693781720757601
7.9473078728925985
7.935455935114665
8.495553847969724
7.4543448154030525
8.009355954847305
6.806637159999978
7.51256807569809
9.69921630302699
8.114562953224626
7.469173183862207
7.1503047343661885
7.444613650562266
8.204367726650533
7.315821949187793
8.167678087917999
9.005940118514683
9.027920554053477
7.271326072309206
7.206842901234584
7.0090847592185614
7.746274491429804
7.729362465261884
7.553732919692993
8.503882159066725
8.410705674155345
7.384446621027741
8.257876535947885
7.622217068645699
8.271383534013863
8.515380341524134
7.866216066434843
7.900563025268355
8.285853111677685
8.076940435852652
7.849168182857216
8.620301226381267
9.06136298661571
9.378282757662586
9.494400445816098
11.058811129915025
9.084089839999907
9.690023603458092
7.59369276895942
7.824835102183183
9.129022633745102
8.19949019451528
9.196134338734716
6.937804414236216
7.472785078376397
7.726129133701324
8.745150639216057
8.228971533516896
8.695353539934565
8.623221540170608
7.763179132908942
7.898775462604676
7.37511262007027
7.596748197531
7.789842154727082
6.730366812376226
6.722795750213368
7.289626601599994
6.977445195074059
7.298797556059411
7.903172088265419
7.229523350759928
8.320110182399977
8.413766037805416
8.216456648378927
7.536083316258076
7.623986799716949
7.416420271300106
7.290762860969054
7.194228369806604
6.914571689683421
7.134317826755772
8.027235410026263
7.381072283724561
7.4607575017519
7.53013897123832
8.222831326875946
9.574636047235837
9.255478075711544
9.034960262345665
8.507752284857421
7.923634805484742
8.323439424777357
7.930688898203072
9.740856530931177
7.399531151042998
8.16005616929783
8.18217432484568
8.208649922526858
7.507922767322053
7.702322590637
6.667065710257647
6.721008184089929
7.761190382716022
8.018158102153215
7.5497404245145345
7.96460598051548
6.817943382261309
7.460549100940787
8.03801787867215
7.685959722222212
8.302395700800211
10.147916867125717
10.081448164145812
7.7195266469879
8.771462438265235
9.098127112630568
9.186462479079506
8.555526151836784
8.291630477732735
8.726927759647369
7.706825951751912
7.915560644356357
8.781869069751991
7.160522542418276
7.914165057392329
7.529857773112759
7.619030781181443
8.659511567221669
6.730116407559825
6.8792972103283825
6.743379816498646
6.852798669603121
7.529556412194568
7.874265573459338
9.949736395637117
8.036404595621661
8.83649731945027
9.291733541033503
8.864053491512308
8.514093205198973
8.409635425209999
8.245876014317565
7.070060493827177
8.016490363700887
7.853040747719956
8.237727769679182
8.609224823845588
9.144489541883537
9.032661154429727
9.7327727432251
8.666642706394196
8.51292414804315
9.697424283557302
9.187498004677856
7.536813563338185
9.6161863502625
9.146274566523795
10.337344683541044
7.344756143667234
7.812692794047805
7.952647650477256
8.621869649609652
8.893755382157863
9.375344692277343
8.800534531729502
8.18869262688602
9.004938387970162
9.421918930041002
9.964287927670322
7.080931713454798
7.934348614343027
8.490706645156461
7.968774199546179
8.617177408682519
8.983390365789022
7.278969636064796
7.765455895956629
8.525442740699168
9.107046945185258
7.9218003987428895
7.405998722033564
7.16750399440817
9.01081509568697
8.088424256865856
7.557980822722385
7.916277169793556
7.699567658802453
8.645501582915182
8.340426269531132
8.095924586849161
8.56420383670911
7.896636778675025
7.66325616284838
7.629340818641959
8.22554485556511
8.095269461142722
8.160963286348945
7.952642218157808
7.707896900982563
7.998071714533141
8.433429562394943
6.708183031936259
8.79582872032115
8.958705731060311
8.69487647438052
9.150497461318949
10.15388345679022
9.909890664286813
9.387943824768083
9.104902246158746
8.41072667664168
8.29712582518868
8.563170372427239
8.849394464270505
7.95803920930995
8.39909734384582
8.759540310004011
9.09717821693418
6.618931852227087
6.330526086456924
7.607476702867608
7.555205902943774
8.617296397746225
7.457000000000021
8.135069735020682
7.676827831864356
7.2439495685391435
6.89598876086185
8.11296783246736
8.834064835656116
9.461630292751275
7.257467638120857
7.10835692749269
7.695720570622615
9.144271960047325
9.742763435526452
7.980901495472184
8.742786934292596
6.0594592363028
6.509898479786179
5.950866160299526
6.405598645891489
6.700494016417982
10.01412082440576
9.929039562717083
6.977291331168286
7.244449673893711
8.42537327566251
9.550801311395423
9.496928130119922
7.084217486257447
8.05929655412601
8.987200087187162
9.14276579863906
9.397676006645657
8.828592908696809
9.780875101089382
6.878871163024966
6.642398702674913
8.003838445471198
6.5775314567901955
7.128117471746715
6.949302150959889
7.644957765584409
7.04728297258532
7.297519307077693
8.281895927117743
7.939019446103669
8.282516029684171
7.170889360655456
7.459938732443526
7.627665872899215
7.893619289848863
8.85939943813001
9.256928686683223
7.5239693129629925
7.111945646366272
6.8082874030016365
6.4642839661693055
7.304116001704405
7.511548359138831
7.737156663384693
7.316613921069482
8.655628175760127
7.968396972656447
8.121837085409853
8.109493801652869
7.800136805555548
8.399829163367714
7.860238799237137
7.232116301854426
6.944201690318887
5.880882561687812
6.319584987736586
8.423246636988267
8.038729120254464
8.268074308678479
8.460109493827147
8.190911577525329
7.724727487799364
6.791955435011131
7.194903857979689
8.029219520102926
7.211938088296523
7.575245607461725
8.1097177317164
8.17010569639411
7.850378084778786
7.167335351068958
7.485249130913475
7.765061102887648
9.02683992770622
7.352543685281013
7.3972982362549375
8.864999534345978
6.89558202355363
7.9802849238132865
7.4464646647888895
8.450589226703324
7.166627720160134
7.715394250519356
7.81564644813538
8.284693986304102
8.036543376121887
7.266323945473249
8.282773675480996
6.5501607427160495
6.908594359927908
8.726653624140951
8.539555062499982
7.3326083595892895
8.27422468828113
8.250845782198432
8.635965759637099
9.44241072362953
8.443222927517326
7.582247521598067
8.237191864197603
7.87653710268101
7.169437814712481
6.893285312956692
7.918707075962552
6.452393689519079
6.597645971168626
5.995147850241477
6.4122837803154855
9.242765197428893
8.913819813518192
7.224648678399963
6.8538901295156105
7.632353230524905
8.895345652103424
7.348809935964064
7.982803152434739
8.975890502929687
8.740613421973237
9.184214450645465
9.77183792326532
10.633365255846375
7.7028458119207075
8.541431882978284
6.569818970252672
6.801721887333934
6.813913490838733
7.406660341347979
7.877272427983538
8.357641534805298
8.150931482678004
8.85115280166148
8.420821948110227
9.22566552171386
7.792568179367357
8.008152260445659
7.209224649951799
8.146741577073067
7.405182232197317
7.577512811660756
7.790543467793414
8.612775598768172
8.150943932721212
8.282120088498207
10.101113232141
10.185925270648992
8.197268595679006
9.082255062181204
9.056277620792388
7.567293923611086
8.871185887575555
8.609499359999978
7.98910846066733
8.635461800443583
7.469092054132726
8.559878083498921
7.748847840000012
9.020697265118466
7.681164346398602
9.136692389722464
6.497198151111109
7.091728963120492
7.266723999999993
8.356410189258826
8.069020640000062
9.29417447292192
9.01435407797869
8.59485051796122
7.228390807637223
8.070316100114331
8.374684361352909
6.330461457327437
6.866874947938409
6.5361494585116215
7.814600784232369
7.656190185171755
6.83956079603861
8.384864447715982
9.068570673406377
8.490641060471534
7.2483475069097825
7.983446355187275
7.32248892413685
6.466239924355142
6.981133531617673
8.068979398148194
7.967100416448577
9.275606459636247
7.342174233432993
8.018169169064592
8.088073909096961
7.992818154579408
7.175405576452493
7.914741213738733
7.50831774412374
7.312657250000022
7.798729549925993
7.591192648682593
7.842620786031082
7.264770273767507
7.7500204962270605
7.701824586776837
6.655896335691428
6.95413077884216
8.004990203327969
7.997914896364516
8.554314875781094
8.597033416433284
7.275378645833398
7.482487598504591
7.903442117781478
8.270520912897512
8.000818159999987
8.928330953169933
8.705556540344602
9.57792721551209
6.8138489732394465
7.84445043873064
9.683776975274085
7.372806257839313
7.329408173503871
7.669824703312984
7.495126767754554
9.398614894436534
9.700625826017323
7.837338737158522
9.44570804595938
9.261314866193961
9.120374517990628
6.324865496894034
6.7796015534568355
6.296734359586876
8.235099684043035
8.460833491965298
8.683360030864279
9.00339626060077
7.0662184570414865
8.103750386919385
8.598294633433595
7.864095982411868
8.18765759089399
9.22721146875479
6.944566555317075
7.031208749681202
7.74681766470768
7.748177041994772
9.253844653234724
7.276237309038212
6.185102293333335
6.83033528292963
6.821652770230917
6.9582367352773415
6.913200586318878
7.142938371687428
7.407740234375026
8.410699773341058
7.746643533216145
6.521742294877184
6.411538146219176
6.852827582697096
7.456124692932816
7.869567577510431
6.948078176802002
9.088349333333431
9.942485781035137
7.516936402928845
7.153387752776503
7.214921051180481
7.630711474006612
7.713758319245674
7.436919314774621
5.627193847656242
6.0736856267481825
7.300296831695677
7.8222418054110765
8.086971559808322
7.97148767935427
7.133612287197951
8.001386350529408
8.32096922339971
8.133864452691673
7.768390725436092
7.9931065460371
8.287399080529884
7.908304938271624
8.403842149619082
9.859889660752188
6.884614046487843
7.355672545616195
8.077194777508165
8.556393243396093
9.071339912295345
8.558197458526147
9.413302901910244
9.408000013061258
10.374436592959503
7.719986365025216
8.636532290825166
7.594707835771809
8.077023584365822
8.771751601834586
8.442836873200898
8.319764565992907
8.833113908178907
6.792462682378314
6.8068809791824085
7.42410083489491
7.000595776923353
6.609866270727025
7.228221613047064
8.129388704895973
7.875498496822519
8.760475942173994
8.773077857562475
8.365224289813584
9.359953576165523
8.061658145185334
9.051706031881439
9.653699011385859
8.435030048332434
8.971277233287623
9.499382485851458
9.179781413674354
8.379197306821792
8.904430547356606
7.8930465030670165
9.225760811069728
8.538225485297328
9.106380312442779
10.236897547245025
9.935600595379867
8.82334414559379
9.234510505606535
7.964808623951424
10.513978309631348
11.625635119408471
9.005055111882697
8.783119228319944
9.619276853356627
10.986121335559414
11.327509986877383
8.886638519559517
7.062919346776783
7.505416656494097
7.9959177764020986
6.771147800037976
6.993238469559075
7.031593378659142
7.304397010983636
9.505919561261651
8.383261163242057
8.898146656112932
8.909768844956597
9.46195276772255
7.077683057224843
7.684278093233882
7.716884835384556
8.145767985784877
8.060148444444371
8.525714663171081
6.401573420742582
7.044756851268977
7.281396049774745
7.7340140478668085
10.804332276908307
7.571489052561898
6.90794251665647
7.130139371141936
7.585283795842036
6.855568449059377
6.831952631641853
7.217676888171595
7.203332045872982
7.345662306777673
7.346065416895337
7.571905449761216
7.437256573649406
7.524290788438546
8.293796171022803
9.138889171341418
9.543813050316217
6.682489177585893
6.935069281044957
8.174889961595072
10.099373324723771
7.921187771267364
8.33089095436037
9.570366892588181
7.278803464429307
7.458033073436271
8.26484747851856
8.804301954451459
7.873266231899431
6.731713535862036
7.381493607163429
7.590034304561699
8.253497141912419
6.995366636183544
7.6836824518442155
7.979057353310461
7.70173425912857
9.213543136171527
7.607175837742442
8.523798798455024
8.170974703216245
9.256475574679753
7.988542050894518
8.271490123965892
7.7680757715988795
7.1267474724116955
11.433733332561365
10.644803349177081
8.766346702302558
9.716358708048677
7.051808412634283
6.8319615453603895
8.047106437520867
8.555119140624905
8.422651352410684
7.992091041564872
8.300325901622479
10.194511542769476
9.51993501639655
7.891746655852942
9.845525569526641
7.430796333900284
7.03596861625206
10.24679667847933
10.346579531563506
10.503054586492235
11.51132723587681
8.15031251446158
8.84158390045166
7.991134032895575
8.469067362842914
8.786699351386206
8.956968926311335
12.012119628906223
7.592961643536033
5.748402035524877
7.175145285529239
6.887532589478731
6.3876748602525675
6.955857519452373
8.76972658516443
8.633579043655041
7.697727775638078
7.305071158370989
7.041609652366814
7.29491617208838
7.631438869977272
6.704278390066907
6.462398659885834
7.172280808221861
6.302509803185897
6.551627876552708
7.531161838386626
6.690704750502522
7.30988454696125
7.046214965397903
7.301469761659755
6.818562733063593
6.488855012345725
6.403094264371968
6.97489558181257
6.9102177448036315
6.27638139290563
6.589703716130985
7.732436579548036
7.417772861123085
6.907854816352602
7.051122807632149
7.110565186561657
6.197402958688151
6.639525528219008
7.7852941581169715
6.584043007923754
8.18836577238863
7.7508257212440865
8.258831735537198
7.592341995799067
6.505011695108331
7.132648132527639
6.691865832589407
7.189863046382808
6.605377003343084
8.397025293871875
8.006494716129515
6.655658101981346
6.684388429618218
6.906378222222179
6.810996359957754
7.969721814663674
8.418692581806612
7.281079693910664
7.301483652091159
6.219415509259223
5.960836646159353
7.0252308434311805
7.182901128534203
6.245772001334459
6.866192378814452
7.26576146871269
8.434689569160932
7.9685135608249
9.462120977451304
10.304993350448973
7.868139985435963
8.095966804410214
8.553848457176947
6.742344879095143
7.225877888997415
7.611550218371548
8.553325913648054
8.272261870247918
7.467155840000025
8.043508995903764
9.677545404663931
9.439933513964352
7.752567311725643
7.648439889907852
6.530106621969562
5.82515169167222
7.461528940083112
7.111967611942251
7.9361402072855025
7.483438251539481
8.563334780692527
8.732809419999494
6.777891233068911
6.871420781985404
8.542597699456701
8.228362235081065
7.354041208556342
9.44283276410855
7.041751897518135
7.670452132382494
6.8985761759824396
7.124197257696456
9.696815775034185
9.42246863904541
9.218938107225041
7.356869217426731
7.363554836327488
7.832688675544065
7.504609465020642
7.08465020151133
7.4389813682821
6.918528359686274
6.904526652066015
6.9037403780328885
6.923643487024529
6.8984615820173065
8.278220254814824
8.539650110825786
7.952237202963036
8.309196058481554
7.9689462153303205
8.250236241702005
6.631701690078845
7.557070263290518
7.913320515240483
7.034999878067482
7.84087327749914
8.390246861979705
7.085633354064762
8.65532013744271
7.000731222222227
6.760856606848186
5.598137078287248
6.514018704939845
10.98414613930759
11.385850857749775
7.83403209865052
8.007503167390869
7.411142290489462
8.187141275846878
9.92384868717573
10.3378890355498
8.298888161847986
8.287214502876175
7.213842796798083
8.18604520380497
8.184378638038343
6.788614169086953
7.896166213854029
8.934492049314546
7.600300080896962
8.534472901130526
7.9893014432176885
8.938834356227332
7.541794969462631
8.517795670049683
8.007021604938206
9.028083670404426
7.387681639999972
8.248516477910432
8.502818488105532
7.882140227611621
8.845722226849855
7.80892246901853
8.240514425265273
8.54640111806439
10.221391027247734
12.040136057535769
8.28797846681714
8.31474880515233
9.58978333031542
10.503982136482735
8.48286635831636
8.327208486199378
8.319184831841065
8.584580261337697
8.72765483920143
9.168217901424136
8.56333477341399
8.774207629963989
8.498346360075875
8.692192122011658
9.270026134813817
9.061548367142677
8.77971482878576
8.632948205017195
7.888882307494832
8.220012459617857
8.33275285493811
8.879364575402901
10.169380035918362
11.70310548794599
8.628590237649545
9.122765762746738
9.403364852607663
9.848477618403383
8.05786118540409
8.534023706854226
8.858599306223256
9.456458679220962
8.517370778506617
9.18243501371743
6.71880083296041
7.975941463152544
8.518795306091068
7.509658202818384
8.113121986985206
8.037712106509982
6.828828311761531
6.1856386787576865
6.927863837473185
7.71073255267371
7.0800489745943676
7.658475140984638
7.016122534275055
9.370818186051102
7.00277808708107
7.535825066566414
7.585380789604685
7.576647134906121
8.383846331013197
8.486122418814146
8.967092184930078
9.100521860122681
7.843541280864216
8.697042871524294
9.790022689657313
9.60780455899536
7.759663259601113
8.567430279978279
7.733644202000814
8.732481632653203
10.102105040258317
9.721208589014015
8.537005644024383
7.719977682638689
8.408963297052994
7.083882753849029
7.7650636787941005
7.479442020058632
6.939776732545385
6.438185250150006
8.677774168820479
8.642807346979666
9.043776921269366
9.671641228865898
7.952148402630691
8.235508941283227
7.931156768798828
9.103454322814942
7.7334118637037825
8.662558086732322
7.0571124106816105
7.64013367652893
7.936342527866364
8.139099222777034
7.660226983654972
8.074644214570405
8.496759354519089
8.500346954978326
7.530923050150855
7.489697045587328
8.137006562410662
7.5023321175575255
7.759707777715571
8.23453124143594
8.187131735046906
6.570194522312679
7.4339291391236815
8.258884304344827
8.724116988669678
8.585970645142035
7.393447396333916
7.5699796034236915
7.632678571428505
7.770493396709114
9.891090069413185
8.792753201818106
9.029751413818447
9.25613486344397
9.340509911730528
9.201314729840865
9.39668583671872
7.306391394347155
6.451535928445488
6.559505423025266
8.138975750283562
8.550677266398502
8.14560344105074
8.490939521011137
7.548752052244902
9.06318396056444
7.732811292788523
9.380094238281286
9.494731424815615
7.407313174410786
8.103152675707715
10.624261718749983
9.254049215058673
9.024517443592185
9.503591494522398
11.7219654541016
11.132934782868931
7.575417138702916
7.537765433878799
6.553880959999999
6.764069545427401
6.4825730495012905
6.962315072049649
7.356071495750542
7.464466417100715
6.808463678617783
7.590094594330432
8.054973318678163
9.129833069443702
8.823866256831163
6.726598239364266
7.313826885083895
8.300850999999954
9.29199024075891
8.33896544457366
7.994736177170185
8.480659155553672
6.69112202207418
7.602333641975309
8.710014671774074
7.479342155009502
6.688527271604949
7.18315053561588
6.257483528727172
7.999025941167535
7.446406134105205
7.958419024404693
8.392466249818986
7.267085423391324
7.391562868335913
9.582350962162018
9.235017949624588
8.763795568038137
8.30027775772676
6.548321896219378
6.537179142570939
6.633816884661208
6.426261770916654
6.381073048379855
6.708983208209236
8.735741218938303
8.031677777777801
7.508331817170443
8.36144369243096
6.118156250000105
6.486882965102357
6.994564569450234
7.230179524682996
7.027229825099923
7.195116172981634
6.734956210943555
6.454817616491451
7.130457496643066
6.717465707398437
5.921305505697207
6.1234551659408964
5.799295964938203
6.095405337677399
7.067620868420822
7.160101914525015
8.321651662790948
8.243713325820439
6.921791493941305
7.348745274545818
8.053390065710413
8.773149346332291
8.981028472222253
7.773098185941128
7.961756925698125
9.41365444696391
9.066219927469787
6.805342011934753
6.893532150174351
7.0601295801955155
8.962571158370967
8.3027853833257
8.91588279665545
7.1580910989178586
7.0478252592348545
8.199247514056617
8.418967253760837
7.594541440000007
9.407672548989353
9.83510536170794
7.729877503429405
8.197726844614632
6.825880370885001
7.752842236791464
8.696114414755561
8.2163863446734
8.762767085553046
8.963455632716064
9.060950617283888
9.201865969554788
9.167774400606202
8.673196268259312
7.130316585964605
7.4932371778331905
7.366105895429701
7.45213346266043
8.38448980837454
8.344346850855093
8.156825275825424
8.35813737554254
7.920918686826439
8.825773611111174
8.695988408294337
8.82041584426828
9.253053702048943
7.2417887345679155
6.7876187527551455
8.460074335278692
8.203370379807923
8.048542205991126
8.38088480501755
7.972636558154221
8.179097410367323
8.012814439999932
8.475411561509226
6.799848163265385
7.507471933364802
11.211741686437007
6.042351555555563
6.091720023920456
6.769187588609761
6.445626104018465
6.794823243732461
8.845923975003895
8.40262942247651
10.244265180146007
10.885388211057625
7.318544722881796
8.047792319386527
7.66856793827476
8.400482073031256
8.499275517175938
8.755633669943714
6.667566463578004
7.163029136742689
6.41174182354812
7.075560696648494
7.218791969332405
7.836369447070403
9.11478168639155
10.044441218049116
8.459449382715983
8.35528037122615
9.040807639999535
8.997599907050187
9.851115185301143
10.105035006471525
8.922721833936636
9.633957418281517
9.485932049382713
9.869045809522095
8.436691840000073
10.344598201400693
10.66009803333942
11.45647789955122
11.795024655364799
12.317363344561754
11.51428056211948
12.290078660558242
8.707964278204779
9.666680325248203
7.2958874904838105
8.318040684781293
7.876296412409615
8.141601461648813
7.031121373456764
7.529488567368199
5.753239628654223
6.490918993924823
7.836819213082943
6.383545138888897
7.61137474518434
8.186310938705548
6.668298265599989
8.242964460173345
8.224276740933583
7.493235459646394
8.016315700143618
8.370766402058148
9.540338392853737
8.54246314782665
8.045463680576777
9.253979433621703
6.523514514748952
6.407150868055543
8.553232203125953
8.085014029309788
8.913800112107186
8.925856944444384
8.587785303004866
7.9525675736961965
8.521185781854749
6.082713159999988
7.791042033026446
7.858495545187128
7.8145570986434905
7.881591781404281
8.676495039999933
8.573701976075595
8.125198227757616
9.543298239999888
9.58330083158933
6.404734392660972
6.480911269695821
7.718201044748474
8.135495638274007
8.346109053046634
8.140259751729678
7.273202561681952
7.983379226350694
8.416736805555592
8.483560162272992
9.255825453030512
10.197369303843786
9.392260778087751
9.264050925925915
8.99092836000005
9.142311499536131
8.392831783601066
8.753984403739418
7.841383096852663
8.455947120878118
7.907098410533666
7.552699192347865
10.325772155328478
10.258141519250728
8.1201274437984
8.91657633670356
9.067091427907584
9.005529406070709
8.490959080989116
12.124825977006783
8.976676714292278
8.292786171230736
8.218468360273025
9.457250506960722
9.084751708553762
9.0449769616127
8.884467638292277
8.766668482422828
5.719119140624971
8.270995198902769
8.425976316928864
7.474937034402683
8.158339270497061
7.519194000000003
9.504249444444424
9.409183115890476
10.109549307005919
9.556485852501144
9.488902164962855
8.940085817161256
7.447595637551074
7.9406201683045365
7.8620551813386115
8.180483469707957
7.71981497165291
10.765504682622291
11.04115632057196
7.895673918660538
8.233891551903596
9.755569486317093
9.676040773900619
6.864445017492144
7.308175984025001
6.093694960000055
6.769739718354509
6.388497999999979
7.382285070741594
7.135775866785075
7.51793046859339
9.766368495396176
7.212286219957498
10.817981234232978
8.440222798647243
7.9984631978249885
8.389105915163332
8.100814702789375
9.199856264525494
9.511590118408202
9.338503878145978
12.225749818073817
5.982784919737803
8.349393496525769
11.018106901588194
8.611837569546914
9.523452626544058
6.055451747222197
8.496011172572796
6.510794305452947
7.552078041687012
7.1396995633128295
8.741513988654209
7.092541561556586
7.458002746830524
5.250926938073992
8.401205055576703
7.944718555093822
7.935359227676902
7.0244161760515755
9.360275720916311
6.27518381717739
8.373871585737195
6.54636729716766
6.742928649126387
7.314330331993609
5.103522922272377
6.466834194109971
6.337110576662773
9.590241933816865
8.886075321680009
6.143669592583027
8.168523211972106
5.386786906162835
10.419673070811212
14.14683460485408
5.957884847028704
7.79661245082878
6.871320936977863
8.362149834409408
7.102622061056933
10.518807459133647
9.749101897056933
6.801461612288715
10.503347644529716
7.059565288449101
13.841842183646122
6.521644101682267
12.392229288768611
7.564560274123183
9.633957333463282
6.987291717668558
12.289609335251317
7.471999900787692
7.222554228773319
8.066865999856358
8.74666765026362
8.828785441123573
7.691521204749364
10.380386663455287
6.643675025498378
10.39640172001997
6.9394996449766175
7.841978742364214
7.612167315701851
9.38111970741472
7.792706735998237
7.104416015032673
6.568121906626318
9.068665004034514
9.453524246106534
8.052380858395633
9.871167611962365
6.929409229270019
9.034378455703092
11.826342391940615
5.3780500000362785
8.918535337110693
4.667786816266291
10.338495251449547
9.790297094015385
6.026783837392622
7.199618651834035
4.83643500208172
6.756445845280794
6.476672183909023
9.341369236623057
12.686828445022101
4.463563186844663
7.461883060942443
6.583779661523251
7.852290127365989
7.2430264583044295
7.565995284460207
7.733812246489935
9.55684980882576
6.7699770584706
7.205555799711751
4.737564338058826
7.739577735831699
7.327049703092034
9.1564995581747
7.0171000243154165
8.787209323498354
5.527671480557311
11.02171015516624
6.22754597602105
10.302219321273743
8.253094689411139
9.531528336742133
3.9003176567781783
10.254754054017525
6.454210728285288
8.493552900776681
6.07229847575589
8.505886933254141
5.629644773506063
7.722705411253418
6.223986825648225
7.991799687151901
5.218152696126358
6.161005979375523
8.101525069485852
8.67574004394588
5.6520591576525305
13.969257163844217
9.799192546133629
5.327356524957442
8.127513706769902
4.778996395128276
7.641436285766782
4.651055469815667
7.950677760871901
6.13566826793833
9.038493775380047
5.661503416307901
7.302466247450984
9.567270605654643
10.767121393768136
9.565577550151824
4.840367062143511
11.797619636487985
9.058369002184667
7.536734804506375
10.835102116991868
6.983244838283604
7.946385147159018
7.190292621097304
7.828296861119075
8.32396305534692
6.682839127501852
9.924679516355722
7.620602540136825
14.51827581642118
8.793779508036296
10.375039269565645
7.463227038444741
8.459830484840335
7.754805711516629
6.950910171286749
7.891656139704642
4.928234469617507
7.43269443011191
8.351656812489452
9.237336099881773
7.059329540115025
9.550643797433645
8.218213924623404
6.978574531120921
9.549966922755603
7.611004769719662
12.809073413069662
7.5277570257528135
12.807175713718694
8.175187162175552
8.286234873778968
7.706393061870948
8.237959396480658
6.845114756206989
9.057776715474645
9.508264552228686
7.3867584431641315
13.74125436141305
6.563757412421612
9.277960060369326
9.346649000226323
7.048479205802254
8.788188390319831
8.430348076391587
15.013181964793517
7.684468826168586
10.627643405512584
7.574232328135725
10.959333254423571
7.309074232545988
9.809381219630295
8.282574689805694
9.878753650487026
8.49891562654616
9.829598012172458
9.026405701295934
10.209080195736936
5.8828971401394385
7.94298198697759
6.945646613984516
12.06322560520622
6.6144087416969155
8.821737277861267
7.3619281313555325
9.223403552130168
6.826735092109409
7.435489987187222
6.97460469276425
7.628274706106293
8.343009972664202
7.249673106913722
10.43161069517711
8.742504416546723
10.844163619823043
4.610715814035364
9.310883099267048
6.048042671796494
9.03109140609054
6.609858401482456
8.40199676215278
10.465092284576718
7.1769714189182165
7.229463936059824
7.201578675981831
6.360219857787071
8.522306264836681
7.936917699908894
7.917189176490571
5.155554533214513
9.265815083252996
7.716838463442657
4.241551234053505
6.490231303360122
6.767866061841215
10.026798883367553
6.525504801388672
8.155204395158572
5.0898234813879
7.220168867765231
5.601384112366107
7.552713517855359
6.6529743757348125
8.687980215811484
6.76669944449504
7.759855759576934
7.339996034826349
8.334246543222203
8.616545704935707
9.244874393132614
8.692649459838849
12.796871382241504
6.961716960344245
8.262835643776356
7.663516431532822
7.84849005700746
6.189137569194119
7.661162910620244
7.403759776836176
5.827852018625817
6.898708487282269
7.755324647693096
8.185014809317794
7.5248593180801295
7.864375826241277
7.486166647212451
9.057404863422573
5.592898198643907
8.081725550699202
6.677308668053095
13.745895937510298
7.291034481224674
7.415046832183515
5.717389000363275
11.098506034270597
5.813129795869894
10.992001700002959
5.1153497922551585
13.022801458108715
6.156195274492116
12.085676528587317
5.627127143575604
11.478565154824173
6.735969553940512
13.9366621459921
6.725995771689133
13.6633370615392
7.685310421628679
13.175534223959568
4.814516203618665
10.988960079892605
5.24904021468898
9.818945467562004
6.189497943785303
12.642391461110055
6.211810685806654
11.731952498947663
4.726577553180153
7.54660210867682
6.681119640171785
7.46110880533547
6.676351614202801
8.848407548512085
6.80191987334303
9.55283291242404
6.885455149273075
7.819677205706668
4.914056670097314
8.238561221768567
10.106431233571787
10.863359218354262
8.066857925011698
8.868673740882137
8.08538668864293
8.933818498082324
7.888668514760271
9.874084817702405
7.279307874324159
11.10801266540664
8.066620627656434
9.241100378416004
7.488327607239819
8.416882975279451
8.65534315055338
8.829082296528773
7.8542795504872505
8.601226621231579
9.233146713994609
9.137734292865915
7.207192319368031
11.399289686988658
7.986474504251764
5.828890878171416
9.207124342205072
7.764917972100125
7.421010149249745
11.27934346499129
8.368677852752853
9.573658290819532
6.679893140955638
11.738751588890036
6.2053076281478505
12.926170816626623
5.121421091265752
10.736523582231614
5.90562207684084
8.933936804959854
7.955738544080951
7.637688812829432
5.58046490150193
8.19981838562347
4.551993844831838
12.250100415597117
6.938100416667279
10.162337906172487
5.291603048589199
6.745294475865227
6.556921554954906
6.068518845503016
6.447848122496627
4.763684828054782
12.339843657929796
5.480569755764242
8.465237048837597
8.292705269160953
5.904540795611851
8.112750885748602
5.164748625245944
11.570060324526386
7.034268463152217
7.561590295433998
7.779418393391814
7.599337745379629
7.521071475355514
7.08900302782505
6.850975140752576
6.775281816622499
6.457916008585712
6.7363731502408735
7.420638517982781
7.432331807560228
7.202783852309843
6.934669592597597
6.625264484902076
8.345951859747077
7.207447474130752
7.060073689960636
7.034914863538299
7.6520622896158565
10.429344133002287
5.3956337727887425
12.298572711076412
6.511736942693374
11.07562152367519
5.3639532268315
9.537813912871822
8.356562272504904
10.47824433245033
9.425302668401567
6.552688131798358
9.322795066490206
6.301222940163529
11.988765957873099
6.287866349074005
10.770315816371738
5.611146104252179
11.482670319314588
6.2505495533455955
5.976343718275266
8.455432931908174
7.687671208637385
7.789699373750014
6.824621208319771
12.724067085604965
8.910136445737423
9.944254729234288
7.559464947026191
9.375458308309515
7.875801281562921
11.341512819810442
6.037005170838189
14.368715052336691
8.35622129506373
12.088678578294571
7.961112201088455
5.786388164077599
7.112109005501761
5.767080938248102
8.040340396159442
8.176619014481718
12.386500073674307
10.402697394851057
5.397067933082604
11.324196121220638
6.756199804413177
9.903938103217191
5.724713580514756
12.80316111735914
6.115896422615805
10.546592405645267
12.498926192295203
6.857097700200152
7.858038398624993
5.808506304137952
11.359987659147242
5.842137702993763
10.737652089568408
7.954183568586456
10.91332078844169
7.597417849801214
8.929337988888648
6.6096379280089375
8.330784813021232
8.388201163266935
11.081667605594529
6.009943630168022
9.330889298789245
6.123334395254291
11.188099342353087
9.632604114973542
8.412355173746896
9.096508766283192
9.604035494938334
9.830267573186413
7.761774151261284
10.988203606086843
11.150910493424611
6.984708559274016
10.202750249803765
6.414273285706989
8.200441499434184
8.641858571386384
8.633792473402917
15.748754414003452
7.215189521841042
7.557279900607113
6.26201264840185
7.053676475391448
8.174371033324219
6.441307195765024
6.610425675254949
7.2555643919110295
7.2058081875882225
6.909651643199068
6.092251870559402
9.365167418711295
7.312889106848035
7.938825152154591
6.852699889586333
5.856104459796494
8.21265070618402
5.564302733549677
6.76755132110062
5.891104269213283
7.054069523832094
5.358713833114267
13.738125647293431
7.1035237913476825
11.10963632335619
7.1699629575688055
11.838698993653507
7.902390481856754
7.62086735196605
7.839983541828326
5.754249179722752
7.052180769964951
6.349000833433402
7.487131855449328
8.045192279582121
7.324272267197112
11.65989264581798
8.083528915299377
13.028395291155322
8.538193057297635
7.252941797953168
8.249626521249846
8.521401877411908
7.724572206914868
10.467629485693204
8.00848597636063
8.538610186886874
9.474822072714348
7.813432482237759
7.977124586816852
8.596453077797078
8.038908019557505
8.739245496901402
8.694574060389506
9.670808523130193
7.6644476660857395
8.754099354838344
7.9119115024838225
7.890007230617141
7.133588545233851
7.961049074365201
7.88988231710202
8.763119387047887
7.045314399390111
8.166249404586459
6.862912984240672
7.822881587938473
7.308660077091955
8.889959855134553
7.757948073446751
8.644510198709412
7.038067076316135
8.07222027054092
7.026883674444971
7.926498093728935
7.966857555924117
8.12742447008307
9.079037098670552
7.5693664547180335
7.412235106916648
7.034992374563062
9.067445996785075
7.864261410236359
8.77015133663173
8.554607527603997
8.430464960502661
9.44478917326376
7.53284349518328
7.44159551545012
8.32877075855461
7.478985687156656
8.56526173458066
7.390048806129225
8.338106832600348
6.2935560339688426
6.21755635071759
12.532124316029849
7.7450248537489035
8.83414177438373
9.282601396922704
9.492908236741114
9.915980244559718
10.518017101765354
8.149103749893145
6.525101575025633
12.866256446179218
7.296613213840656
13.524602555472715
7.880481004889876
11.498656848193441
9.177102374298519
12.24267091502345
6.217660825129521
15.079298913919532
13.773257838482023
6.845295033271586
11.991631917340387
8.275213066821216
10.259749956730564
5.173942520157105
10.242168289449776
9.802730874334154
10.608241280490637
7.449184771265396
11.474911073356253
7.77283589350298
8.92906466429816
9.144670768824065
10.202190916638207
7.756255918078978
4.764754519649831
8.761585572075111
8.578030171388882
7.917903877255952
7.623511932151564
8.285981645884682
12.762072343552237
7.176598619345752
8.307615845747412
5.43385213344815
8.377142550696604
8.943888764979292
7.113011086341762
6.800010721012291
5.866926626752495
7.528673469589259
7.588133256733418
7.213975956733363
7.601379510577125
7.428945183848932
9.166751512137022
5.494577256399961
9.504791024682639
6.894726930030134
7.522796474642652
6.057040192092771
7.423467331370903
5.812430766559217
6.780231170351488
9.960135228384779
3.6510449057340715
9.208439462560483
3.791973713502069
9.275025526973325
7.212854940318612
9.192206461786537
5.686609822641581
13.001981339913609
7.752241249871255
6.574820227967098
8.77798239695141
6.149415709150432
5.457708328456723
12.40100914671921
4.963350057556311
11.0290086749721
8.074356566522068
5.434875888622622
10.886853539714277
2.983249805454091
8.618828764788065
7.605330225465071
5.861918574715157
6.988782417961245
5.233450811488693
12.283797809660584
4.3806844468072175
9.09023842107707
5.191329735183407
11.392686557245089
5.834952353891559
11.224781135586243
7.618289365306183
6.515218132213375
7.9328886448861144
7.43358176403376
6.419941297952108
7.4725649615414635
7.006721324380595
9.095382539609798
6.988930708018256
6.329535793090996
10.990443929278008
6.0994256427672395
9.694081354418728
7.302643940046435
10.959831724654046
5.603792756989988
10.947790799383624
5.699502647249937
9.100186743538098
4.880544675828036
8.397327565937312
6.034360661971997
8.64409452276723
6.748581795722503
7.504305464626125
9.500654224125217
7.1369268052025046
10.470664300974814
6.677452781695098
8.8093992654558
6.643973137629776
7.185197851643943
3.4098277508380517
9.45201972739949
3.4573688053237888
9.679009656662902
6.144367982635384
7.76730084571429
9.304846898855395
7.588211701332577
7.890814417823103
6.15710217419863
6.275097470112925
7.779481378402914
5.670923684148076
7.173156861881405
6.658861601563229
9.527962466457998
9.144501887879319
10.315716614026556
6.148219997776138
8.64041626162182
6.239683077976218
10.00449490469317
5.085604468477677
10.404754178783621
4.502756036259904
11.290094992701093
5.746677551801523
10.51610046129936
7.360447376433924
10.451060645791683
7.229592852453984
7.728141338420658
4.935518331634954
11.583516421361711
6.139790068970519
8.364600722702335
7.888490700196585
8.802092122098445
6.06245566523079
9.425749897869311
6.633711075536411
9.751625539211824
6.092459515909612
13.346290202039215
8.338286133187475
5.073342729071379
12.988292174914392
7.335399239280216
7.993187609620504
8.70023085900059
8.925476805694116
12.076741946688058
6.633631802934695
7.892003988257719
4.385298953984568
7.202616698361182
4.7377492326086
6.581462843380164
5.5322722333935825
8.042518394948177
9.115256652470714
9.88180861838269
9.206787319324517
9.858862263677093
7.495400812009144
14.695528162785775
4.402094953881802
6.894144706945843
3.9006240869608773
11.04109013299127
6.555028322161719
6.132690160892172
8.941774615649837
6.001862396457473
7.310583209614767
8.323902123612095
5.955985067442199
11.935875842915504
6.017891884963934
9.21194272777917
9.252849042174674
5.834166826753772
10.128302507440209
8.267798327688235
7.8933979360498725
5.124436802538126
11.817284414714338
6.569364580731448
8.668909656913934
7.842013507380204
7.675643352643624
7.110170297092795
5.653472386680129
4.612376511536975
10.115720150363957
9.274452614384565
7.177879955951133
6.497354786654047
10.11005142193118
6.176752190213084
8.69325884774547
8.411568133408942
8.355468603372573
9.370060956850025
8.743287044231318
6.851144386047715
8.553760235040173
6.809657160474094
8.789562625912845
8.12660779958211
8.807263823588281
7.566741627449466
8.687857763655249
7.15472375718928
9.79876087836158
9.1885829916409
6.433906282060562
7.1034480197388845
9.585026912589251
9.598465968301616
8.426598873502382
6.022622750258588
7.092078774363116
6.325078956075551
7.108346883088931
7.399139826208398
5.724970311627936
9.629881021926577
8.837136486416775
7.412798218624106
5.456654715660071
8.3533620415366
5.69866154464454
10.336746810268934
8.047203731928088
7.699838215730533
5.8772732856656615
13.946537608256696
5.63793224129821
7.082449841553572
5.265780402200882
7.307786442243724
4.975419301786898
9.82563703933443
8.139496172624776
6.7998309547892335
10.969507199064266
6.370819851656665
9.081373791273593
6.1711804780506565
8.947047452106625
5.774857713979088
7.832975510810387
5.74798880844395
8.075532482502116
5.490846436284939
7.227727095742773
6.2676465618197
8.211098034156207
8.79427357025438
6.947213563667697
8.25967527912168
6.017051861483558
7.796795386573206
8.192406193247376
7.488096135893388
7.523078982201828
10.53832723409264
8.060695941976546
7.261538374407381
8.318836348737692
6.3157238758477625
9.799622541729505
9.101681098405804
9.17725486120759
10.655600429469825
10.8647270244806
6.250302904169386
6.932535233211842
7.382207550896935
7.220291515275673
9.419801596453727
10.08990680421367
8.572709666397115
7.122399810233963
9.62483470425449
14.206617390835154
6.1807857524619205
6.735383381510745
7.625310676202214
6.248793210000133
6.1778684272234
6.063557709743597
6.352672006944053
7.101893154687611
6.752594602221423
6.3146603045792515
3.7037380482121267
13.622764377538983
8.475916165736017
7.3894040856522
6.1035037414949525
7.800187704079965
7.253355786593055
10.120244649405008
9.379205455170958
6.317420908772834
7.3361448382803305
7.786590989952609
7.227243100398161
8.534124987688395
8.818112914247557
6.918763739200539
7.589792195081129
6.757120602653603
9.651066033239255
8.502986901504201
15.968755229102353
6.673049683349603
10.407101846254653
7.222296467410984
9.138838651373405
7.0759258225494
7.60135203656148
6.356104466137842
10.117103886685996
6.8256930115163446
11.028762932578871
8.773304414132255
6.749958752844473
8.133940548281146
7.620885808073114
7.090519530029793
6.5775821280274185
8.657245504200624
7.656071168752448
4.316675189311397
9.886591865957355
6.7707159075622165
8.307978628667785
8.347906884946868
5.753376240503897
11.736887127953258
6.800296635732444
9.185218019849783
7.132792699460608
8.016520882372237
7.877484137697129
8.656179907850246
7.340432620856104
7.124145024970032
7.70111257360996
8.263566492668556
7.001165521141466
9.197046215781487
8.844195792104587
8.668128087537298
8.476986106851463
8.143106739509273
7.636304756316349
8.331455134238121
6.312015702809839
8.224679908152526
7.130952540636063
7.838297152216712
6.451341254764775
7.9508581548747745
7.493302872939058
8.248527684447488
6.917773345550432
6.573802562492391
7.075387447553017
4.0049868281122984
9.68610136776049
6.278726208543378
7.8509162755983946
7.810243322647041
9.651433640998857
8.116984214753952
9.014474481009698
6.669351423869874
6.736614373194241
7.578174045657214
8.587981751555626
5.726380845351823
10.92592766176518
6.015532181575519
10.003155286381638
6.479405922037151
9.369340177705329
8.298784532886513
10.36791126463423
7.5661311782838885
6.161076747061751
12.250869113667422
7.042472415122855
12.543044777875249
7.054249123352286
13.006434609893931
5.607451826429224
9.736936362399204
9.800574970437292
11.02848272423032
9.318234965256075
11.80729924831972
7.738792464181413
16.116002770685892
7.663262755382408
6.8859380650207225
9.24640490375591
11.61057375969985
6.1174214524248836
13.465863251605965
5.368721863945541
7.998060047650845
6.152800479929649
8.929300928436286
6.745428264360574
9.215367855038636
9.931217473381302
7.917391076559622
16.584163228973402
7.247828198599576
8.864708624715288
4.978892433034188
8.787687905052751
9.108446626379052
10.792685745957648
5.028953015030883
12.173747792327148
8.068119448234656
6.002264842349703
12.536118684803583
7.8606020082336086
8.87963815146531
8.035284480289201
9.575649548872645
6.264176142841204
7.6265151518426695
5.143882428208288
11.584044476598528
8.865005365993943
9.98157316395956
5.239917948520559
15.681189376467877
6.407033511390759
12.262673939124415
10.035403603606307
11.356807773286375
8.569610036358661
13.727630082430649
7.487222870213866
12.253166864701036
6.59624889346051
11.107711921084466
9.896210141610778
5.779777392674422
8.735260067213359
7.878487814054878
8.257537020340555
6.458251756981486
11.97025177919428
7.644222229116086
7.812902678034702
8.773284071673377
11.088244492468014
7.211276212448806
8.062271066085449
8.134368131565248
10.040498513481522
6.041972929914666
9.905968923994674
8.321057689788121
9.716408466530517
4.591370499289376
8.186616885786131
8.032915919357299
8.54287241627684
10.690975737571616
7.594978816787588
6.872080525135613
9.812334942410942
6.832001788453606
9.333267313115943
6.723441476840984
9.85784379008929
9.431312548252587
8.761861809912007
8.021558220280745
10.73895837018409
5.903712689940471
11.02636409593527
5.9044826398787755
13.639276125445901
6.885546620334103
12.003437286835483
5.159792271164541
14.203280330648429
4.551641472163202
9.459556478823947
8.724090822451219
6.153769350226062
10.321456097885038
6.5955463432091825
8.937200769235998
8.559783074172673
13.641377711047902
8.197416628287389
8.686854579236153
8.418833606666865
6.717498335999911
7.658308429356879
6.25430373346956
7.598634991445089
4.31938041523742
6.6950023495403315
9.775875816488389
7.98317176915233
5.192010692989324
9.355455944617695
9.821135205509034
4.803044876494034
8.44271620406593
5.753162763775669
6.656367512547577
6.032129304811525
9.374875574475608
7.461467703123274
7.552969248909897
6.981542041536397
8.148197244200837
7.952258844739581
10.807195627431584
5.8989693090466355
8.986844004421688
8.720989226728074
9.712116493315207
7.113076500460397
6.083190121440927
7.058920251853844
4.825419701392943
10.099861668562495
6.756912875077986
11.200700762402185
8.060238182020049
7.084535484752375
9.45430688372707
6.367929669451339
6.623213432828253
6.857227028827575
6.72786368172985
7.32328994165174
6.917621381122512
7.200623170616158
8.867588282705219
8.273065881278841
10.08963187201169
6.641967183328559
10.99787994686089
8.519913815424545
7.005239397001452
8.565413851496286
7.246627251123565
9.292805447533418
6.407036281772004
8.555550190973761
5.7973237628020575
6.580634732188105
8.628053134039199
6.938599110220865
7.169848402126448
7.588559978603699
9.566760806179552
7.877124987458526
8.412078641467218
7.606257051700477
11.623941493423441
7.142135423309886
8.8279117020904
7.640567814537551
11.112311928938785
9.760704449856728
5.914708455210274
12.156969373264394
9.12904573912065
15.162318017486173
8.00167121825183
10.057776758049565
6.4026039522903035
6.581357281831906
7.320668993643747
6.892573407053279
6.034128798041679
10.935686290507993
10.167397827423063
9.130417817884274
6.399485089031968
9.16723276982203
11.969755790624491
9.379030610572169
10.095660085065905
6.515389810608815
9.03805274436367
9.1376437763663
5.166617188672167
8.232914753529712
5.96809615948374
9.050681312058632
7.465178366587066
8.822821545279064
5.989715416030109
9.81825087934757
8.285676395077418
6.922536796875005
7.359645267593734
7.717574055830706
7.475253038611792
6.481348849007229
10.224110770900928
7.147141174866426
7.939466796891323
6.409509770619876
8.204684737180104
7.893767279470652
8.59972384010967
5.391884723201309
8.073674408937766
6.496967316197621
8.107888546169153
6.453228286877438
10.641375957459664
5.109003646813062
9.365033022257949
11.94573513343406
7.76823187695995
7.329757969770007
6.254856987529082
9.646274155477963
8.469548701963415
9.577743015423167
7.427886264603206
9.708355107834178
12.51109340201173
7.710290303683963
9.073765269291904
7.03105834533802
9.257426865395116
7.1455793287432865
8.809231538642514
6.947322654713368
9.603213689820912
7.252266422844161
9.077200636356885
5.9477257493996145
8.567653368942356
7.188105895197486
6.693287436124393
7.800162468553547
8.13721524496251
9.312541293833311
6.84212261495205
9.856572334698097
8.830555035714253
6.08464331025396
7.096813475688884
7.652272689317081
7.317455071308703
7.750922790253837
7.737497183790949
7.171607430637736
10.813674285528307
7.086585201942105
7.933304204565821
6.157328981768665
8.92693246679925
8.93596475562147
5.705699510017471
8.312179052943844
8.16152159290709
6.989531575078787
8.60761054649124
7.2235170876118024
11.264637860038839
5.311784058614981
8.31683025908054
7.850626724031157
9.309086997219007
9.621549732896778
6.296558970110382
11.265041535302744
6.326489550286483
9.013899245473839
7.405186877670315
10.050529464886479
6.853713058815736
10.366006402326878
8.229678126178502
9.078173535240971
9.713059371157698
14.550211097608127
6.273176409881107
11.731812202544843
9.250601077631131
7.834156833540975
12.95249705374106
6.251901338402022
12.792372946420638
3.5788894638646145
12.270105241082284
9.436032456377859
7.79201723526988
8.25595487634758
8.424086646135692
9.226255784908954
5.510060569073905
13.478683485334354
10.043762220970084
6.529012244429603
10.29654824267388
9.038930411108907
7.286453789928902
9.02456853257386
9.386281805901685
7.09676460150043
9.256966316938854
6.168560045794884
8.083843365136497
6.84951708204461
9.867450175382688
5.834175872015623
9.413468644291767
6.992950637973609
8.210008378097074
7.102777555127143
9.22395659042749
10.516381118431616
8.198503972576821
9.818734174825153
6.522201620249908
11.598064490038453
10.592354830761947
6.203611979630937
7.715552644388025
8.637686929381855
10.011583383299609
6.1654600426472665
9.739575949678693
6.97259651478531
10.407517438824831
8.443927322403939
12.49842750713288
8.442423602700266
13.874944199597602
6.1274183593162315
7.692735471621277
7.943556014472736
11.754529429277866
7.9258280321747305
7.080826607142568
11.030489236345673
5.171147561650034
5.928072955566073
7.805812059007755
6.460956342687502
7.986391704110102
9.630582029570045
7.934938604052007
10.369661824425082
5.662463060835679
7.8789527946354
6.563585031786404
10.145876244727935
6.288555178559554
10.398030957397957
14.119511871374355
7.731995178395346
12.807838628216258
7.5549059009742185
12.234813441647317
8.066651174656005
15.485359393716168
5.89758976825908
6.181993500603372
7.053281116155094
6.768543807230435
9.337568689540253
7.581435614300707
11.8848788492016
8.33895669873775
7.751921992180275
9.77644554503281
6.059401775913617
8.19498401323261
7.2745745456548
9.549614208210302
7.6813072851305
12.117727870000618
5.756178505576085
7.93689704659656
8.76394317751066
10.495452508032441
7.3142712839375434
7.873017237395439
6.612693384636747
8.423270617807786
7.457555914852509
7.501481509564187
10.79633706152932
6.9246887379975535
11.01055913305825
5.3636528124969765
6.973148075566673
5.166232630632212
7.327866313508208
6.899514182817391
9.007813312466327
6.132423443474549
8.60866104577196
7.033306986876341
8.885022820635278
6.279818133567728
7.547202243148348
5.066731291214534
9.463123107384249
8.287424128517808
10.551247808085469
6.7398192158547
9.261541650947192
8.36867489861421
8.49654358212771
7.9812851667020235
8.577400028643847
7.830319209717049
10.33535734169995
8.169179617502957
10.20411276586776
8.305252729187108
9.004633890787684
10.960588720822265
5.858161449495356
8.691367870892412
4.961126780283015
8.685951546231363
4.707725120004116
6.903792866464478
7.014262323029067
4.208161252339715
5.209889419722296
6.189545018208655
8.61274326890047
12.515437288469188
6.3312354332012974
8.861718832323296
8.73704597114045
9.763747884714913
7.07627853062405
10.940223182965232
7.413511653721648
10.993928304153073
7.00427126116023
10.456225404573484
5.309673738480057
7.2262891190961325
5.579812155326785
11.7281814530965
9.481346406839775
6.190606762410641
8.648568020806602
5.563580326422627
9.532406953846062
6.488614593346899
4.367994981312555
9.020039830971015
5.9797167999388705
10.76805954746586
5.906795838848601
9.884221284390163
4.1138380173615525
6.959600292231402
8.775768114078678
6.13139844057039
7.564879989244472
6.205352418645832
7.626187959392215
9.028334562696914
8.757432804641178
6.932489829651072
10.754677469380589
7.991790026777878
8.308247815530036
7.301558629671934
4.286463197080753
7.489362664062387
7.455492805298167
7.839535813833396
6.312272720336899
7.126689335292506
7.31057948803125
7.041564843465808
7.928658105913036
6.284106848571746
7.523126706766447
7.203165927809097
8.022626627630627
4.856050120053847
11.79882829424884
7.266994085705466
9.11924533742369
6.549994714533181
10.310183364920745
6.143694443301346
7.440051588621643
6.025515386714704
6.987994961745144
6.759402200962064
7.5469764022426995
8.181504208473905
7.605715295579752
10.183126333340958
4.339477918879216
7.607484403254787
5.457893431125846
8.321892321742606
3.0879729139733163
9.58009756346364
9.170258009901396
6.958334209082633
9.255831398442199
6.212661416503727
7.462414032014373
5.510066615692807
10.254952141458684
6.548311718293727
9.728841365528904
7.913785159557329
11.817185668294666
6.523024258850446
10.469348438506811
7.7115250489628355
11.540565053980693
7.583296348390377
8.389090394387726
5.945261475420594
10.253426280126432
7.151733083156886
9.315638521676451
6.791660977468443
8.94000621509334
5.305129558529117
7.673253033264873
6.143353853957872
8.433647175501159
5.163439061940294
7.2217828878653885
5.399705210306611
5.804826332080874
5.512454145251914
8.29475313410368
6.349753676382049
6.809539475613675
7.761610154259342
7.756457845296841
8.891872101571616
4.710964235724265
8.647556247123621
6.379420927997409
4.155611559196712
13.636820353631746
7.474177206076529
5.427486533599697
9.639229367654016
6.067631152815428
8.916076909373038
6.579401882444498
8.99245848557843
9.711219435129049
6.661650372668394
8.92528328392119
6.50272475510757
8.468536434403845
6.6826823420845045
9.315907479048782
9.794276886906642
12.572882890478324
6.4362768893450255
6.500428310042088
8.67131619003866
8.745271845882488
9.055857854023886
6.184473347507365
9.066810627079496
5.267678944242682
8.037416531320495
5.9696751667237935
4.087703478003121
11.09421388924133
5.324250002533416
7.6609466098897565
4.662069105590391
7.0058028402135655
6.661007654329466
8.806646738978475
8.093375176439324
7.288248838977904
7.192167841021948
12.027143352398252
5.1119503550698
6.910033854252936
8.920578693301401
9.825638213605421
8.026880810787688
9.553717420432866
7.055707553927425
12.381381360527584
10.611111015538652
9.522104594840524
7.837508721476356
10.102406384721162
8.391140673160418
7.779001362482695
10.05981102407841
8.680974759785585
16.113151910522028
6.869312854156612
9.896546165806791
3.854330936026854
7.1962329635379625
13.224935143187897
8.264516775652202
8.504744781114944
7.8063295729527935
7.8519697489628415
9.289780627049431
6.216422536436228
11.412022396773708
7.303353693829864
12.622786346270203
8.241583893496074
7.152519364610548
7.327143621468465
8.833665652127928
7.056203253647843
8.588844671470822
6.592850146291555
7.634102206003194
5.324935740534137
6.987389171755729
6.36489412448871
7.772867263282867
5.40576252173148
10.318381572173427
4.1954716153860305
11.2656364964966
7.409464392209215
9.33287719937337
5.411775477538892
8.63642549044016
7.337576042205419
5.462532338841612
6.866429719138095
8.19936746991091
5.980657144194481
9.879439722503957
7.691888305734338
8.525159305301706
7.22965026552606
7.712202955439072
8.052177159645654
8.300910310428813
6.051205922716305
5.930443174289528
8.86408154983344
6.067756322222283
9.578493380577786
7.169298613372173
12.559713751045873
7.864075665175915
7.146848349079809
5.422120227498452
10.567943033904616
3.9720932456845546
8.642234152218032
6.494024078893282
7.749803893485735
6.326328951207095
9.61877903385681
6.011079808786696
6.029921115569052
7.193985718620877
5.345993509708067
6.151725298563642
6.899432363729197
11.97615717436155
6.398002534783288
10.909832416233948
7.1758498179964425
8.618286846855241
9.589186349493163
5.314498146378378
12.138367340708607
9.043438302916954
8.081347739821974
7.459575323385768
6.066014613722697
11.013828496422821
8.266802960531239
8.582699303757165
6.063643723282241
8.994600797760569
6.957589312744169
6.760905606305174
12.427228566749227
5.5253990149678085
11.151146007206599
4.28037393592259
9.362416997223075
8.68503172486286
10.17331941471023
7.2482668988935055
10.384514010546898
11.169537625324788
11.133067234711914
7.452449423030347
10.34929722444604
7.979772658329739
11.291715305822349
9.47107671520058
12.952148586779627
7.408503345636844
10.94537979840814
9.640686736487087
10.752578215236085
10.083888153802755
9.13149600777813
13.03854584632169
6.95436743596351
12.788032897349463
8.533123559757183
5.541054937735278
6.7302903664691724
4.595933284934388
8.613906276877529
8.2208096618278
5.878730263100751
6.591825058526221
5.284013818955514
7.132718510627582
6.186122617968604
12.007199236116453
5.9670332230947345
7.278973354474804
7.523727355226876
12.273934511539766
7.490631475918928
9.568696747495496
5.868691865154466
10.75554271126495
6.9714814680412065
11.369897711762505
7.636469586108544
9.48482230027193
7.49616383825227
12.954091689916629
9.819540268589892
8.274078042405716
8.89020864266656
7.965066658473633
8.94046480098199
9.46787787783084
6.803612376594006
10.821339324894641
7.21470267195763
10.053607097571533
5.950774532069977
7.642861162501552
7.822345934157192
10.14295550367108
5.814509720953905
12.581950770343731
9.390161399311339
6.095869097228641
10.696127943743976
7.459077408447559
10.100108942901185
7.523501279021208
9.528410279186248
7.700861076882009
11.634833737020571
8.486765674453135
7.767431821537456
8.949989477977898
8.593587897709003
9.421898207690521
6.984994389518733
8.083315670952173
7.891108749594701
8.770020643367314
7.2685992716129055
10.40706060728763
7.270788609196023
8.445576336464322
9.574073528136223
10.036744834318473
11.249392310057457
8.384237129434155
11.441836262884843
8.622230280668804
15.36566942566054
10.782403595272783
6.050500258332757
15.175013372069893
8.286674915428621
9.059477420411781
8.895429719618388
9.089114974058818
8.174356034358507
9.702984071328451
8.824173153662398
7.390310541179223
9.07794075206359
8.115057705170042
8.563041269680083
8.711645674543472
8.57757229959842
9.742919262185149
7.722365643855065
10.981673981557641
8.998583038006691
8.931864636260597
9.212576466944721
8.758200005352101
8.839345529781657
7.665357621530039
7.975362306441932
10.519082865940794
9.309609721329249
9.145335793684119
9.290446326026194
6.43678832436734
12.35937694242747
10.458581313387544
8.375312273735686
9.112061046630428
7.205905012252024
8.67073752912716
8.407231405465067
8.1391219426866
10.255859698495529
10.2911463501506
5.9697137927513175
7.007665824611057
6.053381153100439
7.037062132583728
4.243238793999493
12.186700082267189
8.835662743228
6.988367008546506
12.187074451591332
7.248715383314124
12.774409345206745
9.203916490003811
6.132124479339285
11.035780331144338
4.5907865601719156
6.639998248401846
5.174090431549807
6.9579924173080885
6.335723928379752
10.812770800383317
6.564546959258844
8.21460665154724
7.234969993704082
10.927099361014584
8.31921034336594
10.11577944868699
5.586997800703092
7.0635128623372525
5.824304764473309
8.617254967086996
7.49914155169873
9.310208286144078
11.829339993817166
5.81195932948171
14.377002329797003
8.201068070866706
8.415347729040128
8.842863510167767
10.254052011430511
8.502896004412484
9.135291535138172
6.951053628088358
13.052997827106173
7.501377970161794
9.374722696397095
8.711266151090966
10.112015004348669
6.983973071980711
9.39685557968855
9.446348258833899
10.587136532765012
5.453942888710654
12.991606258460413
8.46174892821889
10.129836725808987
8.963602683653226
8.793303912202564
10.178074881486719
6.934495508269696
8.20101750870434
10.162763157678592
9.48809043260051
6.7840825544024
6.196893933870112
7.610142851403476
7.293575571407491
4.773077433628593
10.158801600899189
5.440958081695154
7.131514421048645
6.620253691673279
7.886627612811896
6.31607747017406
6.1243203162697775
6.766075896785891
6.102698799073696
6.049913151593293
6.978867671195556
8.276581520155176
9.453173846730001
6.169978012278551
7.534962692382148
6.847047938066098
6.819901821690329
7.487298274102838
10.389228660057077
5.934230531496634
11.281534405795655
8.397938749499003
13.690559870787895
9.477125756472974
9.581092280786176
7.778823695703956
8.541331543698796
10.067161407735608
10.13843114049896
9.86913958990715
10.75100941124741
10.216193625267382
10.962001074162663
9.593228195673507
9.925867055662923
10.945221262125814
11.487861339897693
5.584143883675866
10.120722997426066
9.742633154012353
6.672566698519748
7.338793140725059
6.580929553498938
6.604564808654812
7.046462388536964
7.019452568059856
9.450985195414468
7.923047945201397
9.221264336492466
8.151115687491457
7.549887442185684
8.189117521273522
7.792913484718923
7.2944435762017905
7.232225316360365
7.93589184427035
7.181403896415495
10.076938436309154
8.121999634272683
9.47727933360544
7.416597217571482
8.04398937676365
7.745547672359572
7.261890898073013
7.861138385633955
8.65298216900391
9.910238968393102
7.739690758024087
8.6740218543691
7.760571505904641
6.106381928283617
9.020625320222242
6.487383705666072
7.074697773182822
7.934634422226515
6.360061166319105
6.318029113187685
6.879196112740069
6.439445712790312
6.891995764275092
8.127840640691657
8.765977078774727
5.7632264528937975
7.775425772561566
8.217142160204041
7.04499549151412
7.618662293777937
6.441321356171431
8.527210076420484
8.18065697384947
6.529137681952077
7.518249035926195
6.414268056968646
7.03624946050713
4.28675478974877
11.172311641228651
4.384570651802269
10.098393855398097
11.313522810624281
5.033593279036525
13.908259387385478
8.845812813786237
5.722797351937817
8.32955588798444
7.277774033375307
6.331055225917969
8.896027401490336
7.501573849027182
8.427619103642648
6.419356799736998
7.146619285957863
8.159055320898702
7.406398594968999
9.495586801307224
5.8467422492054935
8.515660673346279
8.897688569586217
7.33171686158899
8.031706518287567
6.416398203013993
7.940421651229834
5.764398196105644
6.535270604703031
5.6534602336802235
11.592312905095971
14.341960044031092
8.874702973368374
10.114603730389803
9.496071069676539
9.742750847449564
8.473478288584158
9.474968120792314
9.352254575724043
9.201620409722732
9.01607115536459
9.97258465134185
7.616595392574046
9.830325472929436
7.062724666419355
9.30212208011929
9.210692048627212
7.647601338825704
8.252074017912546
9.921215140268899
10.373871278024637
10.420062593452048
7.9922120265635215
13.568492680575195
5.742119958776851
8.077498805906783
9.40430427881877
10.64245803926248
6.1847304752982195
8.71391430261202
6.326566393708277
14.70150720291935
7.869919602208881
11.25227969110016
9.829776394081067
9.908027295114053
9.455950218990308
9.216418813734556
9.091777241574615
10.03309506934136
7.431179527222475
13.54160412836653
8.086264396272544
8.928231187455337
7.730452457047811
7.0705347036198765
5.853422834708787
10.01570716937576
6.900681889229135
7.931688052603878
7.237163890362837
7.110509072764108
8.21562198053379
6.471032929496407
6.93562415641847
7.4613216937775455
7.512554775293797
4.497551055251099
5.010677729626705
7.667232005734369
6.196369508864044
7.121918634312522
4.2134248407451045
8.666045375790688
3.960417414205115
8.321907074306777
4.726097167070843
7.897640848482725
5.341057948647145
7.331898133142736
4.397853296562193
8.521155071025069
3.9972319161128715
8.195536852933504
6.65790511517735
9.126870425013196
6.823523610959941
10.050440343177442
8.180026085546546
5.88131835586925
8.084787903983408
5.921645558061181
7.995726710140188
5.3366882616660405
6.976544067060995
5.995946107008171
7.612616997886591
7.323862118191121
6.443056188336125
6.991506038753869
6.678054433576051
7.289650061411649
7.293677932878159
7.907665320553935
7.7004485417230795
7.437043576515216
5.918888873814822
5.097652678462686
5.264292937103776
7.525553144465508
7.387472262674461
6.158922896577189
5.480837001370505
9.226776282360968
12.542362959628583
5.569665030459766
5.626793603204138
6.467175236472742
6.799925366324681
9.391343497515733
5.6439719081840325
7.542549833440035
7.496180331214782
4.197145316748669
7.474211451466036
6.178735292456264
3.8897568570451284
7.430267503241753
4.893165478533178
6.920850357051123
8.600376711441202
5.307604882309508
6.737618898709788
8.253163061352765
5.707089438464955
9.630482898020098
4.940791544051838
8.7297905222199
5.5826582077245845
9.270084936380332
4.647693400582363
7.719626455196713
6.276361588289919
11.106392263055751
4.6356206564262745
7.5776127624924925
5.755963865989945
8.307627176575782
7.6767254674906376
5.3494035011778625
7.499145925740831
4.7149276098472015
7.059485054219541
6.789392531993482
5.805617218975686
10.888022020985462
7.369395147388877
9.181187145595683
5.138552033596268
6.484942689015207
5.329558967887469
7.4979355086495225
7.8370857235063465
8.74455488117151
5.58816972783088
13.619080014289032
5.456648074775802
7.054543281976935
7.924838355381148
5.1998670045382225
7.257753113752842
8.189666978902997
6.286515508369079
7.076460276354516
8.37062073684421
5.742842019372488
5.34172466100295
8.85047200429394
3.117737110555804
8.730968364206118
5.124896453972771
7.118270841906961
5.639606493297495
6.401549746569489
5.747963065458634
6.89846171368267
5.345658942842072
9.34957775417764
5.77794101183849
9.341048040269737
6.31196944345149
9.058962957254865
6.69587429929423
10.287248729997366
6.520396549454577
8.977408040780638
7.027636420493947
9.45288674838162
5.920086525156996
9.694313314686072
7.5807667169455355
9.264495201213377
5.838122085479452
9.867120542438242
11.198254186012042
8.52340215949986
9.05288024178121
9.647623081239958
9.827357410056296
9.167268339106613
9.609625467543333
10.566084159823982
7.754710904345416
11.050103512610306
9.736810481579637
10.234541649252858
11.162315234374935
10.829052758789006
8.715355013382588
13.19179171161279
14.34066276041677
8.19711946580294
11.743634476947568
9.606012203416261
7.044412239038676
10.298826958912779
6.423997808938286
12.722599076794271
7.8967510650723804
9.951060603693053
6.369279461592799
11.6703324191946
10.008789223847804
11.42297041362164
10.750805964948894
11.551221578393394
8.486305113126482
10.812800664831874
6.253116933790257
8.886028593183253
8.52854141841221
9.40744579022429
7.3507448369042425
9.740027565761196
8.996418307656217
11.851997400282439
8.481020856702749
10.183356645061643
8.11705493759297
10.95537610550933
4.768711565929345
14.032948851969016
6.359415987329835
6.104421946782494
6.545993280795989
9.274987113099295
6.246870012843377
8.080062776439645
8.007173228361207
3.475464945423353
17.42806207150809
8.512978276530768
5.254301664168292
8.32906456519437
7.599773808585205
8.964895526960783
5.464152034750768
9.991653773785014
3.9826977500918597
10.021759048839328
10.117118772088178
5.301043891815714
9.270913111052359
7.664781933769373
7.791187964197492
9.935006960499873
5.717456837728939
12.529346534469699
8.432529232626337
8.36592617093636
9.162841596804597
7.612227433374094
9.603540330918756
6.688635646552446
5.69475481617204
7.164230107535049
6.804623374253749
10.881345252674913
6.650305005841383
4.843981691481642
13.182444049553453
5.111786005683884
6.581750966819213
5.4334413940001856
10.76048171376222
5.456172067972221
9.744753262682973
6.531112744531039
10.738994817424814
7.001897472134162
6.242674982937585
9.845622674323494
5.636495571730947
7.1152699970682045
7.051240128665916
7.354688646653568
7.922793729434734
7.605729662792381
8.777180080207476
8.112080000173478
8.60775689446053
9.471277030432567
9.381052251351155
5.797466023953193
8.888942507599836
11.291693358131559
10.710361325255276
10.130571995357053
7.952507696201236
7.002875617356572
8.071283068298909
7.677020551209551
6.981145538467939
7.409281393062239
7.791512850754798
7.14249425580738
8.494124161765809
7.754373665651189
8.29584721200739
6.7637655199959585
7.7615306948918565
8.67850222677474
8.27492169018086
7.943769981811342
8.519707983818703
4.225589512207387
6.358111260141389
5.043338226502012
9.470897777204524
7.559279500877962
8.452368976458407
6.531017915243372
7.980853195837553
6.101065380333644
5.041955261795688
6.525918528738993
4.744795272658104
8.116857504314325
10.062234072078988
7.141181830645916
7.709559955024731
7.5643303247390445
7.600341697024131
6.96472286308522
7.270301598777841
10.024755141536803
6.659106905663454
7.355736599120294
9.29012279431179
5.787892840154303
9.023685400378692
7.80071798448848
7.484318720511289
7.0344696266614175
7.128406331412409
8.114749330396352
8.75365836081615
8.309921136120323
8.235536697385038
8.09165700778576
8.618412832978576
7.3086088478577045
7.274104386686723
9.648882481141301
8.462886131311475
8.270711929260795
8.195835770632154
6.599374533800026
9.202662475018487
8.263225332075997
10.498086834836599
9.41921974769606
9.481887636013168
9.34427959262707
7.349427836932641
7.179208452573514
6.091915377681108
6.58595256070429
7.090413053382572
7.682384575930866
8.216554876934483
7.900405118888703
5.4483477685789286
6.501730042999564
7.626006178553466
10.057939377620709
8.27546571277661
7.846538813908812
7.56294795036675
7.710433197489296
7.315590719278274
9.053404946215693
7.3441111342765835
10.390241914732501
5.7579403006387535
8.691256055916561
9.03665568509618
8.79689640981693
8.343507550484228
8.223545314607058
7.834358425368769
8.38999537717348
6.808669334184865
8.507678887114553
7.333573562425218
6.9863846219897825
9.944658330411368
8.522370864290856
8.321891858564612
8.09906921270418
3.936446156621813
7.7964987705126605
6.5213017362384935
11.005883549284107
9.100868901138773
10.247369786734511
8.283526169217955
8.968997901773621
8.410717877100494
9.23546873061061
10.180242356578814
6.429801479000332
10.439636435574386
7.63465074493582
7.479097725737213
7.378112457929304
9.046050832320264
8.88671870669904
7.217315790849482
7.863357074108787
7.102853497024633
7.899123188182761
7.195878844822367
9.988516142083554
4.784778450928256
10.948918828356561
6.619810836861213
8.594225179253838
8.667675168174364
8.35324474308853
8.893624663363562
4.4548640518966796
7.5096320971147845
7.910408150616214
16.16782817989225
6.120443037228107
11.740041772904373
7.667284481155993
9.629470921751752
6.708915152432762
7.860171529549291
5.167561206912603
6.347407157994379
6.066182294282325
9.005051415889826
5.679412840528353
7.924631393587879
8.308534700036985
10.785154891018388
5.288232124126204
7.724725959934413
9.571448379358662
7.610389606250121
10.119293892384352
7.682177098028311
8.951216773747529
7.9970339673139295
9.010141019740367
8.908848298091108
8.238330706642035
8.514618756520695
8.728159589506893
10.165068247455538
6.1011012295570515
7.1422494429388435
5.980837216569935
7.004368757502021
7.146400912344093
8.00973683994971
6.896117581892834
10.573059132531688
9.283029911371612
12.76952815754741
6.224762200764843
13.600169310792955
8.492810089848774
9.317200672912652
8.860775221713276
9.785320029887618
8.277976468352493
10.834468376146656
9.96070742899
12.698824520504088
8.067931451717634
8.53655710909433
8.596563029834826
9.468819786496567
8.962684142026873
10.887878396698577
6.543700482060521
10.978111739094176
8.645747751017181
6.86801010762358
7.363086334376443
6.275608125983787
5.644093628717846
7.612335904171255
6.487915787885532
6.023839805101892
6.04292135004885
5.6344585475463855
6.19189072232448
7.6697023485624225
6.23484261014748
5.922762246217537
8.246997575153513
8.072086642181496
5.7608376789851645
5.048419354308899
7.528877467056759
6.57946695439595
7.8040716448985155
7.51952649211188
8.498971859838948
6.7266703331849245
7.3370359132077745
7.467465554929068
9.600608434763485
7.3290634671981385
8.188829369980793
7.44889574124647
5.469315045850691
7.60127253158842
7.032152766124141
7.039770131300291
9.710609272865625
5.546863386629091
8.667855243133832
7.272193865723761
7.663510757515497
9.459481650294084
9.073339205586246
7.921443957920356
8.268525625319853
9.218131328796696
11.95450002734202
9.784152353224245
6.6548700651139425
6.87410159070459
5.561721459501134
6.737703812932139
6.641495608858114
7.68197840333067
7.3531395340386485
8.320155144933105
6.713477976854852
9.829578153902151
6.5139987853117844
7.1374179010155245
4.589516190210717
7.040454785974021
6.296675879448074
5.636747038754354
8.138389197902988
6.2437833901387725
8.642375660987156
5.734827038683795
7.356147798137377
6.2778150365828145
6.146430908524107
8.305841208780079
7.196940214647114
6.750023409575283
8.59535747660857
10.101281032672357
6.30815846422475
8.004074766595883
10.863904558435296
7.383679387451428
7.722357124297549
6.4212995520659515
6.082460409067768
5.444972598881408
7.823212327191577
9.720645439570276
9.09043809124556
5.6684823436428005
6.586502201619291
9.120513406230016
7.777134971753417
9.461610748576717
7.4561568604252395
5.267639657119722
7.834876082313212
4.773354557053874
10.000247218980784
8.404158492124232
8.315431468981414
7.24870670652177
9.492928748242205
8.95494876958548
10.197002173244968
5.643306032123082
7.745100209989733
8.064848800931145
8.853905689908192
7.20920145970375
7.452311504275672
7.135703265308981
5.45958917574794
6.796953290014406
4.736555030546556
9.960281212802338
8.202919841749647
6.089606838081113
9.854459938977683
4.554770900258714
10.250326949512738
6.054044590231997
10.237391019232257
5.0046300594477895
5.8874165564194705
6.743303432586478
6.614351958988588
7.074497667953464
7.121163700031329
4.943624956099947
9.53997094420595
5.913627657941137
8.21585930272715
7.036625402900114
8.107383569764231
6.907983572080857
7.0609975719824725
7.629933243261391
7.604103729570959
6.790810850177492
6.547159082530121
6.834579385860398
6.360777257084418
6.8520314046162385
6.823421935468227
10.151006977215333
8.676107409321446
7.146860282059535
8.000634641923664
7.115339394834488
7.411782388929521
6.924023010629047
9.046915345218153
8.461855924807981
8.2172036749061
7.61199177011329
7.773110111860683
7.501144230793039
9.463603741685917
8.066201941189952
8.086796495694204
9.036155409265646
9.074992515436369
8.572801162639719
5.3652112045898175
6.602674176025435
7.581146877973953
7.103252588425047
10.236018072694508
7.471473959386353
7.931039404805268
6.850720851953263
7.39741656127519
6.413788586964765
6.478588250177381
7.042336417976222
6.9501328532372435
6.150085989277293
5.86697514124925
6.064171677252702
6.824782321886884
7.2546846844544275
8.086945184963737
5.411800572158464
7.519604530561537
7.494503257402523
6.430008443632162
6.588260838265805
5.076209626621022
8.937477515562147
8.805449644108245
8.396830299063911
4.593416532327958
7.623973059006106
4.8152707091235625
8.86065087523999
5.361090470693766
10.376721296542437
8.710425340402708
7.08027979214728
4.647508346418387
9.114709839063707
7.747434997927661
8.763662514089416
7.983081515510401
8.149953422390608
8.212386736115024
8.508832948972522
7.425598658389169
5.507388898864872
7.7071707053059235
8.316157736460415
6.738500121608943
10.760404264767109
5.398966024043776
7.560179448120117
7.514219111267744
10.338658482617369
9.379510825791339
6.784222714364441
9.536731316469194
9.125852810099055
9.223305504286355
8.616816070341073
10.21169291999205
8.208173740931851
12.043385176704241
10.643127570080662
6.962701478444228
9.92431533536529
8.623023383063378
9.759643439583089
8.326415302907149
8.43495067757212
10.654957805613831
8.421378395176854
9.15760471230893
10.51882054622229
7.768054460949368
6.309931627044741
8.381901968963108
8.402010985392092
7.744148423092225
8.495525424932726
8.331195361981639
9.677459491731453
7.140957483747336
6.880984829662875
7.7501318516011235
8.514471164387903
6.410292605264989
9.115270220677948
8.193330733867604
8.986811850322447
8.188051723492844
8.855296790237995
8.370850757546824
7.944162702889549
11.749327846107699
9.003029878254884
8.481728644635032
8.190960057620305
8.92279062140062
5.01794916277805
9.324041781914667
6.517088203035603
9.605261303818823
8.345811990401721
7.6179739037851375
8.674277310846811
6.456840846983573
8.613084047014738
5.070196506610736
6.889107269295385
7.424672763649645
12.007170308849664
8.085680963097477
10.495119413273347
8.907840323929468
11.131534396631022
7.220704544557259
12.288217991251804
8.12803576670109
12.578938397572076
6.0996904130889655
7.781651339742897
7.9107006363277055
8.195815014352627
8.077287688255115
5.553288054377853
6.5712643651366704
7.5205433696729855
7.047518307726095
6.932486583525387
10.708703520373442
7.738772099610223
7.529942497084874
8.96040512098487
10.689831336532468
8.108225509292215
9.52974331649248
10.26765025416996
10.670784645363856
10.084568587327643
10.074085377518692
5.944888810463233
7.328684005033086
9.372445861337802
7.135881081665552
5.165178682034001
6.396337370801138
8.433806249649304
8.863230247931678
6.396035801703394
7.00235089869716
9.399713537880151
8.72524298616013
8.454719543056562
8.437912799482563
10.601694667658418
6.604418418234776
9.010827472625202
6.344285275584522
9.800873927173358
9.579515338291994
11.0723695475154
7.040897229166644
9.23261367492121
8.595582402296088
7.662131122938023
8.23328233047761
7.667288165643325
9.336872126532331
8.506152933466401
8.18857031967336
8.213521779917402
8.530700528427127
7.850811096186077
7.707525758941714
8.586830872718373
8.93211873291818
8.20376180403105
7.652340543837478
5.396314689311452
7.386817849737038
7.4450248785421
10.049382250237244
9.303228636667438
8.460285172902424
11.362426368599111
9.685962619834092
5.919633938270413
8.655423660307388
8.48752011117577
9.769561425980827
10.80057870517514
10.202299300008676
11.267398528960316
8.105574634987613
8.073945785667437
7.810821205022061
6.911949552303606
10.082208508183104
6.839883363238033
9.732630245241102
7.749529036617358
6.706330836721372
8.09615214496484
11.036093919905856
10.07701667293492
10.561435129883487
9.220849286187294
11.951751302613626
9.429006208935348
10.113332563673573
6.484593193344661
10.732830226741296
7.681856971181118
11.157340314304324
7.029375791179258
8.174947446755121
7.107887852401634
11.47550100437696
7.8083147481360236
12.165759998634181
